# Created by Octave 4.2.2, Thu Jan 07 18:42:35 2021 GMT <pmxep5@gercphd>
# name: Lcorr
# type: matrix
# rows: 30
# columns: 3
 0.1 0.05 0.05
 0.2 0.05 0.05
 0.3 0.05 0.05
 0.4 0.05 0.05
 0.5 0.05 0.05
 0.6 0.05 0.05
 0.7 0.05 0.05
 0.8 0.05 0.05
 0.9 0.05 0.05
 1 0.05 0.05
 1 0.05 0.05
 1 0.1 0.05
 1 0.15 0.05
 1 0.2 0.05
 1 0.25 0.05
 1 0.3 0.05
 1 0.35 0.05
 1 0.4 0.05
 1 0.45 0.05
 1 0.5 0.05
 1 0.5 0.05
 1 0.5 0.1
 1 0.5 0.15
 1 0.5 0.2
 1 0.5 0.25
 1 0.5 0.3
 1 0.5 0.35
 1 0.5 0.4
 1 0.5 0.45
 1 0.5 0.5


