# Created by Octave 4.2.2, Thu Jan 07 18:42:35 2021 GMT <pmxep5@gercphd>
# name: Kz
# type: matrix
# rows: 1
# columns: 30
 1 1 1 1 1 1 1 1 1 1 1 1 1 1 1 1 1 1 1 1 1 1 1 1 1 1 1 1 1 1


