# Created by Octave 4.2.2, Fri Nov 27 18:24:13 2020 GMT <pmxep5@gercphd>
# name: Lcorr
# type: matrix
# rows: 10
# columns: 3
 0.5 0.5 0.25
 0.5 0.5 0.25
 0.5 0.5 0.25
 0.5 0.5 0.25
 0.5 0.5 0.25
 0.5 0.5 0.25
 0.5 0.5 0.25
 0.5 0.5 0.25
 0.5 0.5 0.25
 0.5 0.5 0.25


