# Created by Octave 4.2.2, Fri Nov 27 18:24:13 2020 GMT <pmxep5@gercphd>
# name: Kz
# type: matrix
# rows: 1
# columns: 10
 1 1 1 1 1 1 1 1 1 1


